50
  4.73125119   3.64938269   3.32652908 12.00
  5.08795119   2.64058269   3.32652908 1.00
  5.08795119   4.15378269   4.20022908 1.00
  5.08795119   4.15378269   2.45282908 1.00
  3.66125119   3.64938269   3.32652908 1.00
 -1.00850796   4.76186934   1.89307627 12.00
 -0.65180796   3.75306934   1.89307627 1.00
 -0.65180796   5.26626934   2.76677627 1.00
 -0.65180796   5.26626934   1.01937627 1.00
 -2.07850796   4.76186934   1.89307627 1.00
 -3.89480230  -3.30309663  -3.54592044 12.00
 -3.53810230  -4.31189663  -3.54592044 1.00
 -3.53810230  -2.79869663  -2.67222044 1.00
 -3.53810230  -2.79869663  -4.41962044 1.00
 -4.96480230  -3.30309663  -3.54592044 1.00
  2.47320811   4.72094266   1.76603974 12.00
  2.82990811   3.71214266   1.76603974 1.00
  2.82990811   5.22534266   2.63973974 1.00
  2.82990811   5.22534266   0.89233974 1.00
  1.40320811   4.72094266   1.76603974 1.00
  0.71200571  -2.43695285   3.12342108 12.00
  1.06870571  -3.44575285   3.12342108 1.00
  1.06870571  -1.93255285   3.99712108 1.00
  1.06870571  -1.93255285   2.24972108 1.00
 -0.35799429  -2.43695285   3.12342108 1.00
  0.00239821   4.57972357  -2.08533809 12.00
  0.35909821   3.57092357  -2.08533809 1.00
  0.35909821   5.08412357  -1.21163809 1.00
  0.35909821   5.08412357  -2.95903809 1.00
 -1.06760179   4.57972357  -2.08533809 1.00
  3.45914462  -4.67326020  -3.85404390 12.00
  3.81584462  -5.68206020  -3.85404390 1.00
  3.81584462  -4.16886020  -2.98034390 1.00
  3.81584462  -4.16886020  -4.72774390 1.00
  2.38914462  -4.67326020  -3.85404390 1.00
 -3.89814728  -0.85933814  -3.63721365 12.00
 -3.54144728  -1.86813814  -3.63721365 1.00
 -3.54144728  -0.35493814  -2.76351365 1.00
 -3.54144728  -0.35493814  -4.51091365 1.00
 -4.96814728  -0.85933814  -3.63721365 1.00
  1.84611738  -2.85760112   3.56833461 12.00
  2.20281738  -3.86640112   3.56833461 1.00
  2.20281738  -2.35320112   4.44203461 1.00
  2.20281738  -2.35320112   2.69463461 1.00
  0.77611738  -2.85760112   3.56833461 1.00
 -0.73339329   4.79235833   3.36973738 12.00
 -0.37669329   3.78355833   3.36973738 1.00
 -0.37669329   5.29675833   4.24343738 1.00
 -0.37669329   5.29675833   2.49603738 1.00
 -1.80339329   4.79235833   3.36973738 1.00
