30
O 0.000 0.000 0.000 15.999
H 0.758 0.586 0.000 1.008
H -0.758 0.586 0.000 1.008
O 2.500 0.000 0.000 15.999
H 3.258 0.586 0.000 1.008
H 1.742 0.586 0.000 1.008
O -2.500 0.000 0.000 15.999
H -1.742 0.586 0.000 1.008
H -3.258 0.586 0.000 1.008
O 0.000 2.500 0.000 15.999
H 0.758 3.086 0.000 1.008
H -0.758 3.086 0.000 1.008
O 0.000 -2.500 0.000 15.999
H 0.758 -1.914 0.000 1.008
H -0.758 -1.914 0.000 1.008
O 2.500 2.500 0.000 15.999
H 3.258 3.086 0.000 1.008
H 1.742 3.086 0.000 1.008
O -2.500 -2.500 0.000 15.999
H -1.742 -1.914 0.000 1.008
H -3.258 -1.914 0.000 1.008
O 2.500 -2.500 0.000 15.999
H 3.258 -1.914 0.000 1.008
H 1.742 -1.914 0.000 1.008
O -2.500 2.500 0.000 15.999
H -1.742 3.086 0.000 1.008
H -3.258 3.086 0.000 1.008
O 0.000 0.000 2.500 15.999
H 0.758 0.586 3.086 1.008
H -0.758 0.586 3.086 1.008

