30
 -4.56672078   1.78133006  -4.91792404 16.00
 -3.80812078   1.78133006  -4.41362404 1.00
 -5.32532078   1.78133006  -4.41362404 1.00
  0.45876292  -2.06064713   0.37647620 16.00
  1.21736292  -2.06064713   0.88077620 1.00
 -0.29983708  -2.06064713   0.88077620 1.00
  2.58039663   4.31170665   4.94796108 16.00
  3.33899663   4.31170665   5.45226108 1.00
  1.82179663   4.31170665   5.45226108 1.00
  1.55897458  -2.03094982  -1.17869799 16.00
  2.31757458  -2.03094982  -0.67439799 1.00
  0.80037458  -2.03094982  -0.67439799 1.00
  4.26759498  -1.23571326  -4.50684360 16.00
  5.02619498  -1.23571326  -4.00254360 1.00
  3.50899498  -1.23571326  -4.00254360 1.00
 -2.82830505  -4.40973499   4.73593452 16.00
 -2.06970505  -4.40973499   5.24023452 1.00
 -3.58690505  -4.40973499   5.24023452 1.00
 -1.28022147   3.13675009  -0.98465019 16.00
 -0.52162147   3.13675009  -0.48035019 1.00
 -2.03882147   3.13675009  -0.48035019 1.00
  3.22662847   1.67650650  -4.37079133 16.00
  3.98522847   1.67650650  -3.86649133 1.00
  2.46802847   1.67650650  -3.86649133 1.00
  4.69630987  -3.11884724  -4.10750704 16.00
  5.45490987  -3.11884724  -3.60320704 1.00
  3.93770987  -3.11884724  -3.60320704 1.00
 -1.28040597  -4.91128932  -1.47424467 16.00
 -0.52180597  -4.91128932  -0.96994467 1.00
 -2.03900597  -4.91128932  -0.96994467 1.00
