0.00000000
0.00000021
0.00000084
0.00000188
0.00000334
0.00000521
0.00000749
0.00001018
0.00001327
0.00001676
0.00002064
0.00002492
0.00002958
0.00003461
0.00004001
0.00004578
0.00005190
0.00005837
0.00006518
0.00007232
0.00007978
0.00008755
0.00009562
0.00010398
0.00011263
0.00012155
0.00013072
0.00014015
0.00014982
0.00015972
0.00016983
0.00018015
0.00019067
0.00020137
0.00021224
0.00022328
0.00023447
0.00024580
0.00025726
0.00026884
0.00028054
0.00029233
0.00030420
0.00031616
0.00032819
0.00034028
0.00035242
0.00036459
0.00037681
0.00038904
0.00040130
0.00041356
0.00042581
0.00043807
0.00045030
0.00046252
0.00047470
0.00048685
0.00049896
0.00051102
0.00052302
0.00053497
0.00054685
0.00055867
0.00057040
0.00058207
0.00059364
0.00060513
0.00061654
0.00062784
0.00063905
0.00065016
0.00066117
0.00067207
0.00068286
0.00069355
0.00070412
0.00071457
0.00072491
0.00073514
0.00074524
0.00075522
0.00076509
0.00077483
0.00078445
0.00079394
0.00080331
0.00081256
0.00082169
0.00083069
0.00083956
0.00084831
0.00085694
0.00086544
0.00087382
0.00088207
0.00089021
0.00089822
0.00090611
0.00091388
0.00092152
0.00092905
0.00093647
0.00094376
0.00095094
0.00095800
0.00096495
0.00097179
0.00097851
0.00098512
0.00099163
0.00099802
0.00100431
0.00101049
0.00101657
0.00102254
0.00102842
0.00103419
0.00103986
0.00104543
0.00105091
0.00105629
0.00106157
0.00106677
0.00107187
0.00107688
0.00108180
0.00108663
0.00109138
0.00109605
0.00110062
0.00110512
0.00110954
0.00111387
0.00111813
0.00112231
0.00112641
0.00113044
0.00113440
0.00113828
0.00114209
0.00114583
0.00114951
0.00115311
0.00115665
0.00116012
0.00116353
0.00116688
0.00117016
0.00117338
0.00117654
0.00117965
0.00118269
0.00118568
0.00118861
0.00119149
0.00119432
0.00119709
0.00119981
0.00120247
0.00120509
0.00120766
0.00121018
0.00121266
0.00121508
0.00121746
0.00121980
0.00122209
0.00122434
0.00122655
0.00122871
0.00123084
0.00123292
0.00123497
0.00123697
0.00123894
0.00124087
0.00124276
0.00124462
0.00124645
0.00124823
0.00124999
0.00125171
0.00125340
0.00125506
0.00125668
0.00125828
0.00125984
0.00126138
0.00126288
0.00126436
0.00126581
0.00126723
0.00126862
0.00126999
0.00127133
0.00127265
0.00127394
0.00127521
0.00127645
0.00127767
0.00127887
0.00128004
0.00128119
0.00128232
0.00128343
0.00128452
0.00128558
0.00128663
0.00128766
0.00128866
0.00128965
0.00129062
0.00129157
0.00129250
0.00129342
0.00129431
0.00129519
0.00129606
0.00129691
0.00129774
0.00129855
0.00129935
0.00130014
0.00130091
0.00130166
0.00130240
0.00130313
0.00130384
0.00130454
0.00130523
0.00130590
0.00130656
0.00130721
0.00130785
0.00130847
0.00130908
0.00130968
0.00131027
0.00131085
0.00131142
0.00131197
0.00131252
0.00131306
0.00131358
0.00131410
0.00131460
0.00131510
0.00131559
0.00131607
0.00131653
0.00131700
0.00131745
0.00131789
0.00131833
0.00131875
0.00131917
0.00131958
0.00131999
0.00132038
0.00132077
0.00132115
0.00132153
0.00132190
0.00132226
0.00132261
0.00132296
0.00132330
0.00132364
0.00132397
0.00132429
0.00132461
0.00132492
0.00132522
0.00132553
0.00132582
0.00132611
0.00132640
0.00132668
0.00132695
0.00132722
0.00132749
0.00132775
0.00132800
0.00132825
0.00132850
0.00132875
0.00132898
0.00132922
0.00132945
0.00132968
0.00132990
0.00133012
0.00133034
0.00133055
0.00133076
0.00133096
0.00133117
0.00133136
0.00133156
0.00133175
0.00133194
0.00133213
0.00133231
0.00133250
0.00133267
0.00133285
0.00133302
0.00133319
0.00133336
0.00133353
0.00133369
0.00133385
0.00133401
0.00133417
0.00133432
0.00133448
0.00133463
0.00133478
0.00133492
0.00133507
0.00133521
0.00133535
0.00133549
0.00133563
0.00133577
0.00133590
0.00133604
0.00133617
0.00133630
0.00133643
0.00133656
0.00133668
0.00133681
0.00133693
0.00133706
0.00133718
0.00133730
0.00133742
0.00133754
0.00133766
0.00133778
0.00133789
0.00133801
0.00133813
0.00133824
0.00133835
0.00133847
0.00133858
0.00133869
0.00133880
0.00133891
0.00133902
0.00133913
0.00133924
0.00133935
0.00133946
0.00133957
0.00133967
0.00133978
0.00133989
0.00133999
0.00134010
0.00134021
0.00134031
0.00134042
0.00134053
0.00134063
0.00134074
0.00134084
0.00134095
0.00134105
0.00134116
0.00134127
0.00134137
0.00134148
0.00134158
0.00134169
0.00134180
0.00134190
0.00134201
0.00134212
0.00134222
0.00134233
0.00134244
0.00134254
0.00134265
0.00134276
0.00134287
0.00134298
0.00134309
0.00134320
0.00134331
0.00134342
0.00134353
0.00134364
0.00134375
0.00134387
0.00134398
0.00134409
0.00134421
0.00134432
0.00134444
0.00134455
0.00134467
0.00134479
0.00134491
0.00134502
0.00134514
0.00134526
0.00134538
0.00134550
0.00134562
0.00134575
0.00134587
0.00134599
0.00134612
0.00134624
0.00134637
0.00134650
0.00134662
0.00134675
0.00134688
0.00134701
0.00134714
0.00134727
0.00134740
0.00134754
0.00134767
0.00134781
0.00134794
0.00134808
0.00134822
0.00134835
0.00134849
0.00134863
0.00134877
0.00134892
0.00134906
0.00134920
0.00134935
0.00134949
0.00134964
0.00134979
0.00134994
0.00135009
0.00135024
0.00135039
0.00135054
0.00135069
0.00135085
0.00135100
0.00135116
0.00135132
0.00135148
0.00135164
0.00135180
0.00135196
0.00135212
0.00135228
0.00135245
0.00135262
0.00135278
0.00135295
0.00135312
0.00135329
0.00135346
0.00135363
0.00135381
0.00135398
0.00135416
0.00135433
0.00135451
0.00135469
0.00135487
0.00135505
0.00135523
0.00135541
0.00135560
0.00135578
0.00135597
0.00135616
0.00135635
0.00135654
0.00135673
0.00135692
0.00135711
0.00135731
0.00135750
0.00135770
0.00135790
0.00135810
0.00135830
0.00135850
0.00135870
0.00135890
0.00135911
0.00135931
0.00135952
0.00135973
0.00135994
0.00136015
0.00136036
0.00136057
0.00136078
0.00136100
0.00136121
0.00136143
0.00136165
0.00136187
0.00136209
0.00136231
0.00136253
0.00136276
0.00136298
0.00136321
0.00136344
0.00136367
0.00136389
0.00136413
0.00136436
0.00136459
0.00136482
0.00136506
0.00136530
0.00136553
0.00136577
0.00136601
0.00136625
0.00136650
0.00136674
0.00136698
0.00136723
0.00136748
0.00136772
0.00136797
0.00136822
0.00136847
0.00136873
0.00136898
0.00136923
0.00136949
0.00136975
0.00137000
0.00137026
0.00137052
0.00137078
0.00137105
0.00137131
0.00137157
0.00137184
0.00137211
0.00137237
0.00137264
0.00137291
0.00137318
0.00137345
0.00137373
0.00137400
0.00137428
0.00137455
0.00137483
0.00137511
0.00137539
0.00137567
0.00137595
0.00137623
0.00137652
0.00137680
0.00137709
0.00137737
0.00137766
0.00137795
0.00137824
0.00137853
0.00137882
0.00137912
0.00137941
0.00137971
0.00138000
0.00138030
0.00138060
0.00138090
0.00138120
0.00138150
0.00138180
0.00138210
0.00138241
0.00138271
0.00138302
0.00138332
0.00138363
0.00138394
0.00138425
0.00138456
0.00138487
0.00138519
0.00138550
0.00138582
0.00138613
0.00138645
0.00138677
0.00138708
0.00138740
0.00138772
0.00138804
0.00138837
0.00138869
0.00138901
0.00138934
0.00138966
0.00138999
0.00139032
0.00139065
0.00139098
0.00139131
0.00139164
0.00139197
0.00139230
0.00139264
0.00139297
0.00139331
0.00139364
0.00139398
0.00139432
0.00139466
0.00139500
0.00139534
0.00139568
0.00139602
0.00139636
0.00139671
0.00139705
0.00139740
0.00139774
0.00139809
0.00139844
0.00139879
0.00139914
0.00139949
0.00139984
0.00140019
0.00140054
0.00140089
0.00140125
0.00140160
0.00140196
0.00140231
0.00140267
0.00140303
0.00140339
0.00140375
0.00140411
0.00140447
0.00140483
0.00140519
0.00140555
0.00140592
0.00140628
0.00140665
0.00140701
0.00140738
0.00140774
0.00140811
0.00140848
0.00140885
0.00140922
0.00140959
0.00140996
0.00141033
0.00141070
0.00141107
0.00141145
0.00141182
0.00141220
0.00141257
0.00141295
0.00141332
0.00141370
0.00141408
0.00141446
0.00141484
0.00141521
0.00141559
0.00141598
0.00141636
0.00141674
0.00141712
0.00141750
0.00141789
0.00141827
0.00141865
0.00141904
0.00141942
0.00141981
0.00142020
0.00142058
0.00142097
0.00142136
0.00142175
0.00142214
0.00142253
0.00142292
0.00142331
0.00142370
0.00142409
0.00142448
0.00142487
0.00142527
0.00142566
0.00142605
0.00142645
0.00142684
0.00142724
0.00142763
0.00142803
0.00142843
0.00142882
0.00142922
0.00142962
0.00143002
0.00143042
0.00143081
0.00143121
0.00143161
0.00143201
0.00143241
0.00143281
0.00143322
0.00143362
0.00143402
0.00143442
0.00143482
0.00143523
0.00143563
0.00143603
0.00143644
0.00143684
0.00143725
0.00143765
0.00143806
0.00143846
0.00143887
0.00143927
0.00143968
0.00144009
0.00144049
0.00144090
0.00144131
0.00144172
0.00144213
0.00144253
0.00144294
0.00144335
0.00144376
0.00144417
0.00144458
0.00144499
0.00144540
0.00144581
0.00144622
0.00144663
0.00144704
0.00144745
0.00144787
0.00144828
0.00144869
0.00144910
0.00144951
0.00144993
0.00145034
0.00145075
0.00145117
0.00145158
0.00145199
0.00145241
0.00145282
0.00145323
0.00145365
0.00145406
0.00145448
0.00145489
0.00145531
0.00145572
0.00145613
0.00145655
0.00145696
0.00145738
0.00145780
0.00145821
0.00145863
0.00145904
0.00145946
0.00145987
0.00146029
0.00146071
0.00146112
0.00146154
0.00146195
0.00146237
0.00146279
0.00146320
0.00146362
0.00146404
0.00146445
0.00146487
0.00146529
0.00146570
0.00146612
0.00146654
0.00146695
0.00146737
0.00146779
0.00146821
0.00146862
0.00146904
0.00146946
0.00146987
0.00147029
0.00147071
0.00147112
0.00147154
0.00147196
0.00147237
0.00147279
0.00147321
0.00147363
0.00147404
0.00147446
0.00147488
0.00147529
0.00147571
0.00147613
0.00147654
0.00147696
0.00147737
0.00147779
0.00147821
0.00147862
0.00147904
0.00147946
0.00147987
0.00148029
0.00148070
0.00148112
0.00148153
0.00148195
0.00148237
0.00148278
0.00148320
0.00148361
0.00148403
0.00148444
0.00148486
0.00148527
0.00148569
0.00148610
0.00148651
0.00148693
0.00148734
0.00148776
0.00148817
0.00148858
0.00148900
0.00148941
0.00148982
0.00149024
0.00149065
0.00149106
0.00149147
0.00149189
0.00149230
0.00149271
0.00149312
0.00149353
0.00149395
0.00149436
0.00149477
0.00149518
0.00149559
0.00149600
0.00149641
0.00149682
0.00149723
0.00149764
0.00149805
0.00149846
0.00149887
0.00149928
0.00149968
0.00150009
0.00150050
0.00150091
0.00150132
0.00150172
0.00150213
0.00150254
0.00150294
0.00150335
0.00150376
0.00150416
0.00150457
0.00150497
0.00150538
0.00150578
0.00150619
0.00150659
0.00150700
0.00150740
0.00150780
0.00150821
0.00150861
0.00150901
0.00150942
0.00150982
0.00151022
0.00151062
0.00151102
0.00151142
0.00151183
0.00151223
0.00151263
0.00151303
0.00151343
0.00151382
0.00151422
0.00151462
0.00151502
0.00151542
0.00151582
0.00151621
0.00151661
0.00151701
0.00151740
0.00151780
0.00151820
0.00151859
0.00151899
0.00151938
0.00151978
0.00152017
0.00152056
0.00152096
0.00152135
0.00152174
0.00152214
0.00152253
0.00152292
0.00152331
0.00152370
0.00152409
0.00152448
0.00152487
0.00152526
0.00152565
0.00152604
0.00152643
0.00152682
0.00152720
0.00152759
0.00152798
0.00152837
0.00152875
0.00152914
0.00152952
0.00152991
0.00153029
0.00153068
0.00153106
0.00153145
0.00153183
0.00153221
0.00153259
0.00153298
0.00153336
0.00153374
0.00153412
0.00153450
0.00153488
0.00153526
0.00153564
0.00153602
0.00153640
0.00153677
0.00153715
0.00153753
0.00153791
0.00153828
0.00153866
0.00153903
0.00153941
0.00153978
0.00154016
0.00154053
0.00154091
0.00154128
0.00154165
0.00154202
0.00154240
0.00154277
