-0.00174621
-0.00174600
-0.00174537
-0.00174433
-0.00174287
-0.00174100
-0.00173872
-0.00173603
-0.00173294
-0.00172945
-0.00172556
-0.00172129
-0.00171663
-0.00171159
-0.00170619
-0.00170042
-0.00169430
-0.00168783
-0.00168102
-0.00167388
-0.00166642
-0.00165865
-0.00165058
-0.00164221
-0.00163357
-0.00162465
-0.00161547
-0.00160604
-0.00159637
-0.00158648
-0.00157636
-0.00156604
-0.00155552
-0.00154482
-0.00153395
-0.00152291
-0.00151172
-0.00150039
-0.00148892
-0.00147734
-0.00146565
-0.00145386
-0.00144198
-0.00143002
-0.00141800
-0.00140591
-0.00139377
-0.00138159
-0.00136938
-0.00135714
-0.00134489
-0.00133263
-0.00132037
-0.00130811
-0.00129588
-0.00128366
-0.00127148
-0.00125933
-0.00124722
-0.00123516
-0.00122316
-0.00121121
-0.00119933
-0.00118751
-0.00117577
-0.00116411
-0.00115253
-0.00114104
-0.00112964
-0.00111833
-0.00110712
-0.00109601
-0.00108501
-0.00107411
-0.00106331
-0.00105263
-0.00104206
-0.00103160
-0.00102126
-0.00101104
-0.00100094
-0.00099095
-0.00098109
-0.00097135
-0.00096173
-0.00095223
-0.00094286
-0.00093361
-0.00092449
-0.00091549
-0.00090662
-0.00089787
-0.00088924
-0.00088074
-0.00087236
-0.00086410
-0.00085597
-0.00084796
-0.00084007
-0.00083230
-0.00082465
-0.00081712
-0.00080971
-0.00080242
-0.00079524
-0.00078818
-0.00078123
-0.00077439
-0.00076767
-0.00076105
-0.00075455
-0.00074816
-0.00074187
-0.00073569
-0.00072961
-0.00072364
-0.00071776
-0.00071199
-0.00070632
-0.00070075
-0.00069527
-0.00068989
-0.00068461
-0.00067942
-0.00067431
-0.00066930
-0.00066438
-0.00065955
-0.00065480
-0.00065014
-0.00064556
-0.00064106
-0.00063664
-0.00063231
-0.00062805
-0.00062387
-0.00061977
-0.00061574
-0.00061179
-0.00060790
-0.00060409
-0.00060035
-0.00059668
-0.00059307
-0.00058953
-0.00058606
-0.00058265
-0.00057931
-0.00057603
-0.00057280
-0.00056964
-0.00056654
-0.00056349
-0.00056050
-0.00055757
-0.00055469
-0.00055187
-0.00054910
-0.00054638
-0.00054371
-0.00054109
-0.00053852
-0.00053600
-0.00053353
-0.00053110
-0.00052872
-0.00052639
-0.00052409
-0.00052184
-0.00051964
-0.00051747
-0.00051535
-0.00051326
-0.00051122
-0.00050921
-0.00050725
-0.00050532
-0.00050342
-0.00050156
-0.00049974
-0.00049795
-0.00049620
-0.00049448
-0.00049279
-0.00049113
-0.00048950
-0.00048791
-0.00048635
-0.00048481
-0.00048331
-0.00048183
-0.00048038
-0.00047896
-0.00047756
-0.00047620
-0.00047485
-0.00047354
-0.00047224
-0.00047098
-0.00046973
-0.00046852
-0.00046732
-0.00046615
-0.00046499
-0.00046386
-0.00046276
-0.00046167
-0.00046060
-0.00045956
-0.00045853
-0.00045752
-0.00045654
-0.00045557
-0.00045462
-0.00045369
-0.00045277
-0.00045187
-0.00045099
-0.00045013
-0.00044928
-0.00044845
-0.00044764
-0.00044684
-0.00044605
-0.00044528
-0.00044453
-0.00044379
-0.00044306
-0.00044235
-0.00044165
-0.00044096
-0.00044029
-0.00043963
-0.00043898
-0.00043834
-0.00043772
-0.00043711
-0.00043651
-0.00043592
-0.00043534
-0.00043477
-0.00043421
-0.00043367
-0.00043313
-0.00043261
-0.00043209
-0.00043159
-0.00043109
-0.00043060
-0.00043012
-0.00042965
-0.00042919
-0.00042874
-0.00042830
-0.00042786
-0.00042744
-0.00042702
-0.00042661
-0.00042620
-0.00042581
-0.00042542
-0.00042503
-0.00042466
-0.00042429
-0.00042393
-0.00042358
-0.00042323
-0.00042289
-0.00042255
-0.00042222
-0.00042190
-0.00042158
-0.00042127
-0.00042096
-0.00042066
-0.00042037
-0.00042008
-0.00041979
-0.00041951
-0.00041924
-0.00041897
-0.00041870
-0.00041844
-0.00041819
-0.00041793
-0.00041769
-0.00041744
-0.00041720
-0.00041697
-0.00041674
-0.00041651
-0.00041629
-0.00041607
-0.00041585
-0.00041564
-0.00041543
-0.00041523
-0.00041502
-0.00041482
-0.00041463
-0.00041444
-0.00041425
-0.00041406
-0.00041388
-0.00041369
-0.00041352
-0.00041334
-0.00041317
-0.00041300
-0.00041283
-0.00041266
-0.00041250
-0.00041234
-0.00041218
-0.00041202
-0.00041187
-0.00041171
-0.00041156
-0.00041141
-0.00041127
-0.00041112
-0.00041098
-0.00041084
-0.00041070
-0.00041056
-0.00041042
-0.00041029
-0.00041015
-0.00041002
-0.00040989
-0.00040976
-0.00040963
-0.00040950
-0.00040938
-0.00040925
-0.00040913
-0.00040901
-0.00040889
-0.00040877
-0.00040865
-0.00040853
-0.00040841
-0.00040829
-0.00040818
-0.00040806
-0.00040795
-0.00040784
-0.00040772
-0.00040761
-0.00040750
-0.00040739
-0.00040728
-0.00040717
-0.00040706
-0.00040695
-0.00040684
-0.00040673
-0.00040662
-0.00040652
-0.00040641
-0.00040630
-0.00040619
-0.00040609
-0.00040598
-0.00040588
-0.00040577
-0.00040566
-0.00040556
-0.00040545
-0.00040535
-0.00040524
-0.00040514
-0.00040503
-0.00040492
-0.00040482
-0.00040471
-0.00040461
-0.00040450
-0.00040439
-0.00040429
-0.00040418
-0.00040407
-0.00040397
-0.00040386
-0.00040375
-0.00040364
-0.00040354
-0.00040343
-0.00040332
-0.00040321
-0.00040310
-0.00040299
-0.00040288
-0.00040277
-0.00040266
-0.00040255
-0.00040243
-0.00040232
-0.00040221
-0.00040209
-0.00040198
-0.00040187
-0.00040175
-0.00040163
-0.00040152
-0.00040140
-0.00040128
-0.00040117
-0.00040105
-0.00040093
-0.00040081
-0.00040069
-0.00040056
-0.00040044
-0.00040032
-0.00040020
-0.00040007
-0.00039995
-0.00039982
-0.00039969
-0.00039957
-0.00039944
-0.00039931
-0.00039918
-0.00039905
-0.00039892
-0.00039878
-0.00039865
-0.00039852
-0.00039838
-0.00039825
-0.00039811
-0.00039797
-0.00039783
-0.00039770
-0.00039756
-0.00039741
-0.00039727
-0.00039713
-0.00039699
-0.00039684
-0.00039670
-0.00039655
-0.00039640
-0.00039625
-0.00039610
-0.00039595
-0.00039580
-0.00039565
-0.00039550
-0.00039534
-0.00039519
-0.00039503
-0.00039487
-0.00039471
-0.00039455
-0.00039439
-0.00039423
-0.00039407
-0.00039390
-0.00039374
-0.00039357
-0.00039341
-0.00039324
-0.00039307
-0.00039290
-0.00039273
-0.00039256
-0.00039238
-0.00039221
-0.00039203
-0.00039186
-0.00039168
-0.00039150
-0.00039132
-0.00039114
-0.00039096
-0.00039077
-0.00039059
-0.00039041
-0.00039022
-0.00039003
-0.00038984
-0.00038965
-0.00038946
-0.00038927
-0.00038908
-0.00038888
-0.00038869
-0.00038849
-0.00038829
-0.00038809
-0.00038789
-0.00038769
-0.00038749
-0.00038729
-0.00038708
-0.00038688
-0.00038667
-0.00038646
-0.00038625
-0.00038604
-0.00038583
-0.00038562
-0.00038541
-0.00038519
-0.00038497
-0.00038476
-0.00038454
-0.00038432
-0.00038410
-0.00038388
-0.00038365
-0.00038343
-0.00038321
-0.00038298
-0.00038275
-0.00038252
-0.00038229
-0.00038206
-0.00038183
-0.00038160
-0.00038136
-0.00038113
-0.00038089
-0.00038066
-0.00038042
-0.00038018
-0.00037994
-0.00037969
-0.00037945
-0.00037921
-0.00037896
-0.00037871
-0.00037847
-0.00037822
-0.00037797
-0.00037772
-0.00037746
-0.00037721
-0.00037696
-0.00037670
-0.00037644
-0.00037619
-0.00037593
-0.00037567
-0.00037541
-0.00037514
-0.00037488
-0.00037462
-0.00037435
-0.00037408
-0.00037382
-0.00037355
-0.00037328
-0.00037301
-0.00037274
-0.00037246
-0.00037219
-0.00037191
-0.00037164
-0.00037136
-0.00037108
-0.00037080
-0.00037052
-0.00037024
-0.00036996
-0.00036967
-0.00036939
-0.00036910
-0.00036882
-0.00036853
-0.00036824
-0.00036795
-0.00036766
-0.00036737
-0.00036707
-0.00036678
-0.00036648
-0.00036619
-0.00036589
-0.00036559
-0.00036529
-0.00036499
-0.00036469
-0.00036439
-0.00036409
-0.00036378
-0.00036348
-0.00036317
-0.00036286
-0.00036256
-0.00036225
-0.00036194
-0.00036163
-0.00036131
-0.00036100
-0.00036069
-0.00036037
-0.00036006
-0.00035974
-0.00035942
-0.00035911
-0.00035879
-0.00035847
-0.00035814
-0.00035782
-0.00035750
-0.00035718
-0.00035685
-0.00035652
-0.00035620
-0.00035587
-0.00035554
-0.00035521
-0.00035488
-0.00035455
-0.00035422
-0.00035389
-0.00035355
-0.00035322
-0.00035288
-0.00035255
-0.00035221
-0.00035187
-0.00035153
-0.00035119
-0.00035085
-0.00035051
-0.00035017
-0.00034983
-0.00034948
-0.00034914
-0.00034879
-0.00034845
-0.00034810
-0.00034775
-0.00034740
-0.00034705
-0.00034670
-0.00034635
-0.00034600
-0.00034565
-0.00034530
-0.00034494
-0.00034459
-0.00034423
-0.00034387
-0.00034352
-0.00034316
-0.00034280
-0.00034244
-0.00034208
-0.00034172
-0.00034136
-0.00034100
-0.00034064
-0.00034027
-0.00033991
-0.00033954
-0.00033918
-0.00033881
-0.00033845
-0.00033808
-0.00033771
-0.00033734
-0.00033697
-0.00033660
-0.00033623
-0.00033586
-0.00033549
-0.00033511
-0.00033474
-0.00033437
-0.00033399
-0.00033362
-0.00033324
-0.00033287
-0.00033249
-0.00033211
-0.00033173
-0.00033135
-0.00033097
-0.00033059
-0.00033021
-0.00032983
-0.00032945
-0.00032907
-0.00032869
-0.00032830
-0.00032792
-0.00032753
-0.00032715
-0.00032676
-0.00032638
-0.00032599
-0.00032560
-0.00032522
-0.00032483
-0.00032444
-0.00032405
-0.00032366
-0.00032327
-0.00032288
-0.00032249
-0.00032210
-0.00032171
-0.00032131
-0.00032092
-0.00032053
-0.00032013
-0.00031974
-0.00031935
-0.00031895
-0.00031855
-0.00031816
-0.00031776
-0.00031737
-0.00031697
-0.00031657
-0.00031617
-0.00031577
-0.00031538
-0.00031498
-0.00031458
-0.00031418
-0.00031378
-0.00031338
-0.00031297
-0.00031257
-0.00031217
-0.00031177
-0.00031137
-0.00031096
-0.00031056
-0.00031016
-0.00030975
-0.00030935
-0.00030894
-0.00030854
-0.00030813
-0.00030773
-0.00030732
-0.00030692
-0.00030651
-0.00030610
-0.00030569
-0.00030529
-0.00030488
-0.00030447
-0.00030406
-0.00030366
-0.00030325
-0.00030284
-0.00030243
-0.00030202
-0.00030161
-0.00030120
-0.00030079
-0.00030038
-0.00029997
-0.00029956
-0.00029915
-0.00029873
-0.00029832
-0.00029791
-0.00029750
-0.00029709
-0.00029667
-0.00029626
-0.00029585
-0.00029544
-0.00029502
-0.00029461
-0.00029420
-0.00029378
-0.00029337
-0.00029296
-0.00029254
-0.00029213
-0.00029171
-0.00029130
-0.00029088
-0.00029047
-0.00029005
-0.00028964
-0.00028922
-0.00028881
-0.00028839
-0.00028798
-0.00028756
-0.00028715
-0.00028673
-0.00028632
-0.00028590
-0.00028548
-0.00028507
-0.00028465
-0.00028423
-0.00028382
-0.00028340
-0.00028299
-0.00028257
-0.00028215
-0.00028174
-0.00028132
-0.00028090
-0.00028049
-0.00028007
-0.00027965
-0.00027923
-0.00027882
-0.00027840
-0.00027798
-0.00027757
-0.00027715
-0.00027673
-0.00027632
-0.00027590
-0.00027548
-0.00027507
-0.00027465
-0.00027423
-0.00027381
-0.00027340
-0.00027298
-0.00027256
-0.00027215
-0.00027173
-0.00027131
-0.00027090
-0.00027048
-0.00027006
-0.00026965
-0.00026923
-0.00026881
-0.00026840
-0.00026798
-0.00026757
-0.00026715
-0.00026673
-0.00026632
-0.00026590
-0.00026549
-0.00026507
-0.00026465
-0.00026424
-0.00026382
-0.00026341
-0.00026299
-0.00026258
-0.00026216
-0.00026175
-0.00026133
-0.00026092
-0.00026050
-0.00026009
-0.00025968
-0.00025926
-0.00025885
-0.00025843
-0.00025802
-0.00025761
-0.00025719
-0.00025678
-0.00025637
-0.00025595
-0.00025554
-0.00025513
-0.00025472
-0.00025430
-0.00025389
-0.00025348
-0.00025307
-0.00025266
-0.00025224
-0.00025183
-0.00025142
-0.00025101
-0.00025060
-0.00025019
-0.00024978
-0.00024937
-0.00024896
-0.00024855
-0.00024814
-0.00024773
-0.00024732
-0.00024691
-0.00024651
-0.00024610
-0.00024569
-0.00024528
-0.00024487
-0.00024447
-0.00024406
-0.00024365
-0.00024325
-0.00024284
-0.00024243
-0.00024203
-0.00024162
-0.00024122
-0.00024081
-0.00024041
-0.00024000
-0.00023960
-0.00023919
-0.00023879
-0.00023838
-0.00023798
-0.00023758
-0.00023718
-0.00023677
-0.00023637
-0.00023597
-0.00023557
-0.00023517
-0.00023476
-0.00023436
-0.00023396
-0.00023356
-0.00023316
-0.00023276
-0.00023236
-0.00023197
-0.00023157
-0.00023117
-0.00023077
-0.00023037
-0.00022998
-0.00022958
-0.00022918
-0.00022879
-0.00022839
-0.00022799
-0.00022760
-0.00022720
-0.00022681
-0.00022641
-0.00022602
-0.00022563
-0.00022523
-0.00022484
-0.00022445
-0.00022405
-0.00022366
-0.00022327
-0.00022288
-0.00022249
-0.00022210
-0.00022171
-0.00022132
-0.00022093
-0.00022054
-0.00022015
-0.00021976
-0.00021937
-0.00021898
-0.00021860
-0.00021821
-0.00021782
-0.00021744
-0.00021705
-0.00021667
-0.00021628
-0.00021590
-0.00021551
-0.00021513
-0.00021474
-0.00021436
-0.00021398
-0.00021360
-0.00021321
-0.00021283
-0.00021245
-0.00021207
-0.00021169
-0.00021131
-0.00021093
-0.00021055
-0.00021017
-0.00020979
-0.00020941
-0.00020904
-0.00020866
-0.00020828
-0.00020791
-0.00020753
-0.00020716
-0.00020678
-0.00020641
-0.00020603
-0.00020566
-0.00020528
-0.00020491
-0.00020454
-0.00020417
-0.00020379
-0.00020342
