-0.00174621
-0.00174579
-0.00174454
-0.00174245
-0.00173954
-0.00173579
-0.00173123
-0.00172585
-0.00171967
-0.00171269
-0.00170492
-0.00169637
-0.00168705
-0.00167698
-0.00166618
-0.00165464
-0.00164240
-0.00162946
-0.00161584
-0.00160156
-0.00158665
-0.00157110
-0.00155496
-0.00153823
-0.00152094
-0.00150310
-0.00148475
-0.00146589
-0.00144655
-0.00142676
-0.00140653
-0.00138589
-0.00136486
-0.00134345
-0.00132170
-0.00129963
-0.00127725
-0.00125458
-0.00123166
-0.00120850
-0.00118512
-0.00116154
-0.00113778
-0.00111386
-0.00108981
-0.00106563
-0.00104135
-0.00101699
-0.00099257
-0.00096810
-0.00094359
-0.00091907
-0.00089455
-0.00087005
-0.00084558
-0.00082115
-0.00079678
-0.00077248
-0.00074826
-0.00072414
-0.00070013
-0.00067624
-0.00065247
-0.00062885
-0.00060537
-0.00058205
-0.00055889
-0.00053591
-0.00051311
-0.00049049
-0.00046807
-0.00044585
-0.00042384
-0.00040203
-0.00038045
-0.00035908
-0.00033794
-0.00031703
-0.00029635
-0.00027590
-0.00025570
-0.00023573
-0.00021600
-0.00019652
-0.00017728
-0.00015829
-0.00013955
-0.00012105
-0.00010280
-0.00008481
-0.00006706
-0.00004956
-0.00003231
-0.00001530
0.00000146
0.00001797
0.00003423
0.00005026
0.00006603
0.00008157
0.00009687
0.00011193
0.00012675
0.00014134
0.00015570
0.00016983
0.00018372
0.00019740
0.00021084
0.00022407
0.00023708
0.00024987
0.00026244
0.00027481
0.00028696
0.00029891
0.00031065
0.00032219
0.00033353
0.00034468
0.00035563
0.00036639
0.00037696
0.00038735
0.00039755
0.00040757
0.00041742
0.00042709
0.00043658
0.00044591
0.00045507
0.00046406
0.00047289
0.00048156
0.00049008
0.00049844
0.00050664
0.00051470
0.00052261
0.00053038
0.00053800
0.00054548
0.00055283
0.00056004
0.00056711
0.00057406
0.00058088
0.00058757
0.00059413
0.00060058
0.00060690
0.00061311
0.00061920
0.00062518
0.00063104
0.00063680
0.00064245
0.00064799
0.00065343
0.00065876
0.00066400
0.00066914
0.00067418
0.00067913
0.00068398
0.00068874
0.00069342
0.00069800
0.00070250
0.00070691
0.00071124
0.00071549
0.00071966
0.00072375
0.00072776
0.00073169
0.00073555
0.00073934
0.00074306
0.00074671
0.00075028
0.00075379
0.00075724
0.00076061
0.00076393
0.00076718
0.00077037
0.00077350
0.00077657
0.00077958
0.00078253
0.00078543
0.00078827
0.00079106
0.00079380
0.00079648
0.00079911
0.00080170
0.00080423
0.00080672
0.00080916
0.00081155
0.00081390
0.00081620
0.00081846
0.00082067
0.00082285
0.00082498
0.00082707
0.00082912
0.00083114
0.00083311
0.00083505
0.00083695
0.00083882
0.00084065
0.00084244
0.00084420
0.00084593
0.00084762
0.00084928
0.00085092
0.00085252
0.00085408
0.00085562
0.00085713
0.00085862
0.00086007
0.00086150
0.00086290
0.00086427
0.00086562
0.00086694
0.00086823
0.00086950
0.00087075
0.00087198
0.00087318
0.00087436
0.00087551
0.00087665
0.00087776
0.00087885
0.00087992
0.00088097
0.00088201
0.00088302
0.00088401
0.00088499
0.00088594
0.00088688
0.00088780
0.00088871
0.00088959
0.00089046
0.00089132
0.00089215
0.00089298
0.00089379
0.00089458
0.00089536
0.00089612
0.00089687
0.00089760
0.00089833
0.00089903
0.00089973
0.00090041
0.00090108
0.00090174
0.00090239
0.00090303
0.00090365
0.00090426
0.00090486
0.00090545
0.00090603
0.00090660
0.00090716
0.00090771
0.00090825
0.00090878
0.00090930
0.00090982
0.00091032
0.00091081
0.00091130
0.00091178
0.00091225
0.00091271
0.00091317
0.00091361
0.00091405
0.00091448
0.00091491
0.00091533
0.00091574
0.00091614
0.00091654
0.00091693
0.00091732
0.00091770
0.00091807
0.00091844
0.00091880
0.00091916
0.00091951
0.00091986
0.00092020
0.00092053
0.00092087
0.00092119
0.00092152
0.00092183
0.00092215
0.00092246
0.00092276
0.00092306
0.00092336
0.00092366
0.00092395
0.00092423
0.00092452
0.00092480
0.00092507
0.00092535
0.00092562
0.00092588
0.00092615
0.00092641
0.00092667
0.00092693
0.00092718
0.00092743
0.00092768
0.00092793
0.00092817
0.00092841
0.00092866
0.00092889
0.00092913
0.00092937
0.00092960
0.00092983
0.00093006
0.00093029
0.00093052
0.00093074
0.00093097
0.00093119
0.00093141
0.00093164
0.00093186
0.00093207
0.00093229
0.00093251
0.00093273
0.00093294
0.00093316
0.00093337
0.00093359
0.00093380
0.00093401
0.00093423
0.00093444
0.00093465
0.00093486
0.00093507
0.00093528
0.00093550
0.00093571
0.00093592
0.00093613
0.00093634
0.00093655
0.00093676
0.00093698
0.00093719
0.00093740
0.00093761
0.00093783
0.00093804
0.00093826
0.00093847
0.00093868
0.00093890
0.00093912
0.00093933
0.00093955
0.00093977
0.00093999
0.00094021
0.00094043
0.00094065
0.00094087
0.00094110
0.00094132
0.00094155
0.00094177
0.00094200
0.00094223
0.00094246
0.00094269
0.00094292
0.00094315
0.00094339
0.00094362
0.00094386
0.00094410
0.00094433
0.00094458
0.00094482
0.00094506
0.00094530
0.00094555
0.00094580
0.00094605
0.00094630
0.00094655
0.00094680
0.00094706
0.00094731
0.00094757
0.00094783
0.00094809
0.00094836
0.00094862
0.00094889
0.00094915
0.00094942
0.00094970
0.00094997
0.00095024
0.00095052
0.00095080
0.00095108
0.00095136
0.00095164
0.00095193
0.00095222
0.00095251
0.00095280
0.00095309
0.00095339
0.00095368
0.00095398
0.00095428
0.00095459
0.00095489
0.00095520
0.00095551
0.00095582
0.00095613
0.00095645
0.00095676
0.00095708
0.00095740
0.00095773
0.00095805
0.00095838
0.00095871
0.00095904
0.00095938
0.00095971
0.00096005
0.00096039
0.00096073
0.00096108
0.00096142
0.00096177
0.00096212
0.00096248
0.00096283
0.00096319
0.00096355
0.00096391
0.00096427
0.00096464
0.00096501
0.00096538
0.00096575
0.00096613
0.00096650
0.00096688
0.00096727
0.00096765
0.00096804
0.00096843
0.00096882
0.00096921
0.00096960
0.00097000
0.00097040
0.00097080
0.00097121
0.00097162
0.00097202
0.00097244
0.00097285
0.00097327
0.00097368
0.00097410
0.00097453
0.00097495
0.00097538
0.00097581
0.00097624
0.00097667
0.00097711
0.00097755
0.00097799
0.00097843
0.00097888
0.00097933
0.00097978
0.00098023
0.00098068
0.00098114
0.00098160
0.00098206
0.00098253
0.00098299
0.00098346
0.00098393
0.00098440
0.00098488
0.00098536
0.00098584
0.00098632
0.00098680
0.00098729
0.00098778
0.00098827
0.00098876
0.00098926
0.00098975
0.00099025
0.00099076
0.00099126
0.00099177
0.00099228
0.00099279
0.00099330
0.00099382
0.00099433
0.00099485
0.00099538
0.00099590
0.00099643
0.00099696
0.00099749
0.00099802
0.00099856
0.00099909
0.00099963
0.00100018
0.00100072
0.00100127
0.00100181
0.00100236
0.00100292
0.00100347
0.00100403
0.00100459
0.00100515
0.00100571
0.00100628
0.00100684
0.00100741
0.00100799
0.00100856
0.00100913
0.00100971
0.00101029
0.00101087
0.00101146
0.00101204
0.00101263
0.00101322
0.00101381
0.00101441
0.00101500
0.00101560
0.00101620
0.00101681
0.00101741
0.00101802
0.00101862
0.00101923
0.00101985
0.00102046
0.00102108
0.00102169
0.00102231
0.00102294
0.00102356
0.00102419
0.00102481
0.00102544
0.00102607
0.00102671
0.00102734
0.00102798
0.00102862
0.00102926
0.00102990
0.00103054
0.00103119
0.00103184
0.00103249
0.00103314
0.00103379
0.00103445
0.00103511
0.00103576
0.00103642
0.00103709
0.00103775
0.00103842
0.00103908
0.00103975
0.00104042
0.00104110
0.00104177
0.00104245
0.00104312
0.00104380
0.00104448
0.00104517
0.00104585
0.00104654
0.00104722
0.00104791
0.00104860
0.00104930
0.00104999
0.00105069
0.00105138
0.00105208
0.00105278
0.00105348
0.00105419
0.00105489
0.00105560
0.00105631
0.00105702
0.00105773
0.00105844
0.00105915
0.00105987
0.00106059
0.00106130
0.00106202
0.00106274
0.00106347
0.00106419
0.00106492
0.00106564
0.00106637
0.00106710
0.00106783
0.00106856
0.00106930
0.00107003
0.00107077
0.00107151
0.00107225
0.00107299
0.00107373
0.00107447
0.00107521
0.00107596
0.00107671
0.00107745
0.00107820
0.00107895
0.00107971
0.00108046
0.00108121
0.00108197
0.00108272
0.00108348
0.00108424
0.00108500
0.00108576
0.00108652
0.00108729
0.00108805
0.00108882
0.00108958
0.00109035
0.00109112
0.00109189
0.00109266
0.00109343
0.00109421
0.00109498
0.00109575
0.00109653
0.00109731
0.00109809
0.00109887
0.00109965
0.00110043
0.00110121
0.00110199
0.00110278
0.00110356
0.00110435
0.00110513
0.00110592
0.00110671
0.00110750
0.00110829
0.00110908
0.00110987
0.00111066
0.00111146
0.00111225
0.00111305
0.00111384
0.00111464
0.00111544
0.00111624
0.00111704
0.00111784
0.00111864
0.00111944
0.00112024
0.00112104
0.00112185
0.00112265
0.00112346
0.00112426
0.00112507
0.00112588
0.00112669
0.00112749
0.00112830
0.00112911
0.00112992
0.00113073
0.00113155
0.00113236
0.00113317
0.00113399
0.00113480
0.00113561
0.00113643
0.00113725
0.00113806
0.00113888
0.00113970
0.00114051
0.00114133
0.00114215
0.00114297
0.00114379
0.00114461
0.00114543
0.00114625
0.00114708
0.00114790
0.00114872
0.00114954
0.00115037
0.00115119
0.00115201
0.00115284
0.00115366
0.00115449
0.00115532
0.00115614
0.00115697
0.00115780
0.00115862
0.00115945
0.00116028
0.00116111
0.00116193
0.00116276
0.00116359
0.00116442
0.00116525
0.00116608
0.00116691
0.00116774
0.00116857
0.00116940
0.00117023
0.00117106
0.00117190
0.00117273
0.00117356
0.00117439
0.00117522
0.00117605
0.00117689
0.00117772
0.00117855
0.00117939
0.00118022
0.00118105
0.00118188
0.00118272
0.00118355
0.00118438
0.00118522
0.00118605
0.00118689
0.00118772
0.00118855
0.00118939
0.00119022
0.00119105
0.00119189
0.00119272
0.00119356
0.00119439
0.00119522
0.00119606
0.00119689
0.00119773
0.00119856
0.00119939
0.00120023
0.00120106
0.00120189
0.00120273
0.00120356
0.00120440
0.00120523
0.00120606
0.00120689
0.00120773
0.00120856
0.00120939
0.00121023
0.00121106
0.00121189
0.00121272
0.00121355
0.00121439
0.00121522
0.00121605
0.00121688
0.00121771
0.00121854
0.00121937
0.00122020
0.00122103
0.00122186
0.00122269
0.00122352
0.00122435
0.00122518
0.00122601
0.00122684
0.00122767
0.00122850
0.00122932
0.00123015
0.00123098
0.00123180
0.00123263
0.00123346
0.00123428
0.00123511
0.00123593
0.00123676
0.00123758
0.00123841
0.00123923
0.00124006
0.00124088
0.00124170
0.00124252
0.00124335
0.00124417
0.00124499
0.00124581
0.00124663
0.00124745
0.00124827
0.00124909
0.00124991
0.00125073
0.00125154
0.00125236
0.00125318
0.00125400
0.00125481
0.00125563
0.00125644
0.00125726
0.00125807
0.00125889
0.00125970
0.00126051
0.00126132
0.00126214
0.00126295
0.00126376
0.00126457
0.00126538
0.00126619
0.00126700
0.00126781
0.00126861
0.00126942
0.00127023
0.00127103
0.00127184
0.00127264
0.00127345
0.00127425
0.00127505
0.00127586
0.00127666
0.00127746
0.00127826
0.00127906
0.00127986
0.00128066
0.00128146
0.00128226
0.00128306
0.00128385
0.00128465
0.00128544
0.00128624
0.00128703
0.00128783
0.00128862
0.00128941
0.00129020
0.00129099
0.00129178
0.00129257
0.00129336
0.00129415
0.00129494
0.00129572
0.00129651
0.00129730
0.00129808
0.00129887
0.00129965
0.00130043
0.00130121
0.00130199
0.00130278
0.00130356
0.00130433
0.00130511
0.00130589
0.00130667
0.00130744
0.00130822
0.00130899
0.00130977
0.00131054
0.00131131
0.00131209
0.00131286
0.00131363
0.00131440
0.00131517
0.00131593
0.00131670
0.00131747
0.00131823
0.00131900
0.00131976
0.00132053
0.00132129
0.00132205
0.00132281
0.00132357
0.00132433
0.00132509
0.00132585
0.00132660
0.00132736
0.00132811
0.00132887
0.00132962
0.00133038
0.00133113
0.00133188
0.00133263
0.00133338
0.00133413
0.00133488
0.00133562
0.00133637
0.00133711
0.00133786
0.00133860
0.00133935
